11
12
27
74
95
115
130
141
154
158
165
175
194
206
208
225
229
230
263
272
283
287
303
311
320
345
360
375
378
383
407
411
419
424
447
455
462
464
480
491
492
497
518
521
530
533
538
546
575
579
586
596
612
615
618
625
645
658
662
664
676
698
700
701
710
721
724
742
745
754
767
779
789
801
824
833
838
876
879
891
894
916
917
933
935
937
959
963
979
981
993
994
1008
1014
1018
1022
1036
1042
1043
1051
1054
1062
1063
1070
1084
1100
1106
1119
1126
1131
1134
1144
1155
1159
1160
1165
1166
1207
1209
1210
1227
1245
1254
1288
1302
1321
1343
1349
1355
1363
1371
1391
1393
1396
1398
1414
1419
1426
1427
1443
1449
1451
1459
1477
1487
1504
1539
1548
1563
1571
1573
1585
1594
1595
1596
1606
1623
1630
1636
1643
1653
1664
1665
1668
1669
1671
1672
1680
1690
1698
